[gd_scene load_steps=8 format=2]

[ext_resource path="res://grid.shader" type="Shader" id=1]
[ext_resource path="res://Main.gd" type="Script" id=3]

[sub_resource type="PhysicsMaterial" id=1]
bounce = 1.0

[sub_resource type="BoxShape" id=2]
extents = Vector3( 100, 0, 100 )

[sub_resource type="ShaderMaterial" id=3]
shader = ExtResource( 1 )
shader_param/BASE_COLOR = Color( 0.0980392, 0.0980392, 0.0980392, 1 )
shader_param/LINE_WIDTH = 0.02
shader_param/LINE_COLOR = Color( 0.0588235, 0.470588, 0.0941176, 1 )
shader_param/COLUMN_COUNT = 100.0
shader_param/ROW_COUNT = 100.0

[sub_resource type="PlaneMesh" id=4]
material = SubResource( 3 )
size = Vector2( 200, 200 )

[sub_resource type="Environment" id=5]
background_mode = 1

[node name="Main" type="Spatial"]
script = ExtResource( 3 )

[node name="StaticBody" type="StaticBody" parent="."]
physics_material_override = SubResource( 1 )

[node name="CollisionShape" type="CollisionShape" parent="StaticBody"]
shape = SubResource( 2 )

[node name="MeshInstance" type="MeshInstance" parent="StaticBody"]
mesh = SubResource( 4 )
material/0 = null

[node name="WorldEnvironment" type="WorldEnvironment" parent="."]
environment = SubResource( 5 )

[node name="OverheadLight" type="DirectionalLight" parent="."]
transform = Transform( 1, 0, 0, 0, -4.37114e-08, 1, 0, -1, -4.37114e-08, 0, 10, 0 )
shadow_enabled = true

[node name="DirectionalLight" type="DirectionalLight" parent="."]
transform = Transform( 0.707107, 0.5, -0.5, 0, 0.707107, 0.707107, 0.707107, -0.5, 0.5, 0, 5, 0 )
light_energy = 0.5

[node name="DirectionalLight2" type="DirectionalLight" parent="."]
transform = Transform( -0.707107, -0.5, 0.5, 0, 0.707107, 0.707107, -0.707107, 0.5, -0.5, 0, 5, 0 )
light_energy = 0.5

[node name="Camera" type="Camera" parent="."]
transform = Transform( 1, -1.23634e-07, 1.23634e-07, 0, 0.707107, 0.707107, -1.74846e-07, -0.707107, 0.707107, 3.49691e-06, 10, 20 )
