[gd_scene load_steps=7 format=2]

[ext_resource path="res://assets/models/Observer.glb" type="PackedScene" id=1]
[ext_resource path="res://scenery/ObservationLight.tscn" type="PackedScene" id=2]
[ext_resource path="res://assets/sounds/spaceEngineLow_000.ogg" type="AudioStream" id=3]
[ext_resource path="res://scenery/Observer.gd" type="Script" id=4]

[sub_resource type="SpatialMaterial" id=1]
flags_transparent = true
albedo_color = Color( 0.054902, 0.34902, 0.972549, 0.054902 )
emission_enabled = true
emission = Color( 0.0392157, 0.352941, 0.956863, 1 )
emission_energy = 5.0
emission_operator = 0
emission_on_uv2 = false

[sub_resource type="SphereMesh" id=2]
material = SubResource( 1 )
radius = 0.15
height = 0.1
is_hemisphere = true

[node name="Observer" type="Spatial"]
script = ExtResource( 4 )

[node name="Observer" parent="." instance=ExtResource( 1 )]

[node name="EditorLight" type="DirectionalLight" parent="."]
transform = Transform( 1, 0, 0, 0, -0.5, -0.866025, 0, 0.866025, -0.5, 0, 2.12381, -0.474459 )
editor_only = true

[node name="LeftLight" parent="." instance=ExtResource( 2 )]
transform = Transform( 1, 0, 0, 0, 1, 0, 0, 0, 1, -0.927965, -0.247274, -2.11191 )

[node name="RightLight" parent="." instance=ExtResource( 2 )]
transform = Transform( 1, 0, 0, 0, 1, 0, 0, 0, 1, 0.928, -0.247, -2.112 )

[node name="AudioStreamPlayer3D" type="AudioStreamPlayer3D" parent="."]
transform = Transform( 1, 0, 0, 0, 1, 0, 0, 0, 1, 0, 0, 1.21232 )
stream = ExtResource( 3 )
unit_db = 4.0
unit_size = 2.5
autoplay = true
emission_angle_filter_attenuation_db = -80.0

[node name="EngineLeft" type="MeshInstance" parent="."]
transform = Transform( 1, 0, 0, 0, -0.887333, -0.461129, 0, 0.461129, -0.887333, -0.655251, -0.146437, 1.2221 )
mesh = SubResource( 2 )
material/0 = null

[node name="EngineRight" type="MeshInstance" parent="."]
transform = Transform( 1, 0, 0, 0, -0.887333, -0.461129, 0, 0.461129, -0.887333, 0.655, -0.146, 1.222 )
mesh = SubResource( 2 )
material/0 = null

[node name="EngineFront" type="MeshInstance" parent="."]
transform = Transform( 2, 0, 0, 0, -1.5, 3.01992e-07, 0, -2.26494e-07, -2, 0, -0.256865, -0.609385 )
mesh = SubResource( 2 )
material/0 = null
