[gd_scene load_steps=5 format=2]

[ext_resource path="res://materials/AITank.material" type="Material" id=1]
[ext_resource path="res://tanks/Missile.gd" type="Script" id=2]
[ext_resource path="res://tanks/MissileDebugDraw3D.gd" type="Script" id=3]

[sub_resource type="CapsuleShape" id=1]
radius = 0.1
height = 0.5

[node name="Missile" type="Spatial"]
script = ExtResource( 2 )

[node name="Area" type="Area" parent="."]

[node name="CollisionShape" type="CollisionShape" parent="Area"]
shape = SubResource( 1 )

[node name="CSGCombiner" type="CSGCombiner" parent="."]
transform = Transform( 1, 0, 0, 0, -4.37114e-08, 1, 0, -1, -4.37114e-08, 0, 0, 0 )
material_override = ExtResource( 1 )

[node name="Body" type="CSGCylinder" parent="CSGCombiner"]
radius = 0.1
height = 0.5
sides = 6

[node name="Nose" type="CSGSphere" parent="CSGCombiner/Body"]
transform = Transform( 1, 0, 0, 0, 1, 0, 0, 0, 1, 0, 0.25, 0 )
radius = 0.1
radial_segments = 6
rings = 2

[node name="FailFinPair1" type="CSGCombiner" parent="CSGCombiner/Body"]
transform = Transform( 1, 0, 0, 0, 1, 0, 0, 0, 1, 0, -0.23, 0 )

[node name="TailFins" type="CSGBox" parent="CSGCombiner/Body/FailFinPair1"]
transform = Transform( 1, 0, 0, 0, 0.707107, -0.707107, 0, 0.707107, 0.707107, 0, 0, 0 )
width = 0.001
height = 0.3
depth = 0.3

[node name="CSGBox" type="CSGBox" parent="CSGCombiner/Body/FailFinPair1"]
transform = Transform( 1, 0, 0, 0, 1, 0, 0, 0, 1, 0, -0.1, 0 )
operation = 2
width = 0.002
height = 0.2
depth = 0.5

[node name="FailFinPair2" type="CSGCombiner" parent="CSGCombiner/Body"]
transform = Transform( 0.5, 0, 0.866025, 0, 1, 0, -0.866025, 0, 0.5, 0, -0.23, 0 )

[node name="TailFins" type="CSGBox" parent="CSGCombiner/Body/FailFinPair2"]
transform = Transform( 1, 0, 0, 0, 0.707107, -0.707107, 0, 0.707107, 0.707107, 0, 0, 0 )
width = 0.001
height = 0.3
depth = 0.3

[node name="CSGBox" type="CSGBox" parent="CSGCombiner/Body/FailFinPair2"]
transform = Transform( 1, 0, 0, 0, 1, 0, 0, 0, 1, 0, -0.1, 0 )
operation = 2
width = 0.002
height = 0.2
depth = 0.5

[node name="FailFinPair3" type="CSGCombiner" parent="CSGCombiner/Body"]
transform = Transform( 0.5, 0, -0.866025, 0, 1, 0, 0.866025, 0, 0.5, 0, -0.23, 0 )

[node name="TailFins" type="CSGBox" parent="CSGCombiner/Body/FailFinPair3"]
transform = Transform( 1, 0, 0, 0, 0.707107, -0.707107, 0, 0.707107, 0.707107, 0, 0, 0 )
width = 0.001
height = 0.3
depth = 0.3

[node name="CSGBox" type="CSGBox" parent="CSGCombiner/Body/FailFinPair3"]
transform = Transform( 1, 0, 0, 0, 1, 0, 0, 0, 1, 0, -0.1, 0 )
operation = 2
width = 0.002
height = 0.2
depth = 0.5

[node name="Debug" type="CanvasLayer" parent="."]

[node name="DebugDraw3D" type="Control" parent="Debug"]
margin_right = 40.0
margin_bottom = 40.0
script = ExtResource( 3 )
__meta__ = {
"_edit_use_anchors_": false
}

[connection signal="body_entered" from="Area" to="." method="_on_missile_collision"]
